0.0001
600
trained
0 0
score = 0.54
confusion matrix:
  PPV = TP / (TP + FP)
  [[89  0  0  0 10  1  0  0  0  0]
 [ 0 96  3  0  1  0  0  0  0  0]
 [ 1  4 81  1 13  0  0  0  0  0]
 [ 0  5 20 51 15  9  0  0  0  0]
 [ 0  2  0  0 98  0  0  0  0  0]
 [ 5  7  5  2 51 30  0  0  0  0]
 [ 9  7 13  0 30  1 40  0  0  0]
 [ 1  6  0  0 40  0  0 53  0  0]
 [ 4 11 18  9 55  3  0  0  0  0]
 [ 1  8  0  1 88  0  0  2  0  0]]
TPR [0.89 0.96 0.81 0.51 0.98 0.3  0.4  0.53 0.   0.  ]
TNR [0.97666667 0.94444444 0.93444444 0.98555556 0.66333333 0.98444444
 1.         0.99777778 1.         1.        ]
PPV [0.80909091 0.65753425 0.57857143 0.796875   0.24438903 0.68181818
 1.         0.96363636        nan        nan]
NPV [0.98764045 0.99531616 0.97790698 0.94764957 0.9966611  0.92677824
 0.9375     0.95026455 0.9        0.9       ]
FPR [0.02333333 0.05555556 0.06555556 0.01444444 0.33666667 0.01555556
 0.         0.00222222 0.         0.        ]
FNR [0.11 0.04 0.19 0.49 0.02 0.7  0.6  0.47 1.   1.  ]
FDR [0.19090909 0.34246575 0.42142857 0.203125   0.75561097 0.31818182
 0.         0.03636364        nan        nan]
ACC [0.968 0.946 0.922 0.938 0.695 0.916 0.94  0.951 0.9   0.9  ]
0.0002
600
trained
0 0
score = 0.68
confusion matrix:
  [[90  0  0  0  1  7  2  0  0  0]
 [ 0 98  0  1  1  0  0  0  0  0]
 [ 0 10 79  4  5  1  0  0  1  0]
 [ 0  8  6 76  1  7  1  1  0  0]
 [ 1  5  0  0 93  1  0  0  0  0]
 [ 1  9  2  0  7 78  1  0  0  2]
 [ 3  3  8  0  6  5 75  0  0  0]
 [ 1  7  1  1 14  0  0 75  0  1]
 [ 4 18  4 19  9 35  0  0 10  1]
 [ 0  9  0  4 63  3  0 18  0  3]]
TPR [0.9  0.98 0.79 0.76 0.93 0.78 0.75 0.75 0.1  0.03]
TNR [0.98888889 0.92333333 0.97666667 0.96777778 0.88111111 0.93444444
 0.99555556 0.97888889 0.99888889 0.99555556]
PPV [0.9        0.58682635 0.79       0.72380952 0.465      0.56934307
 0.94936709 0.79787234 0.90909091 0.42857143]
NPV [0.98888889 0.99759904 0.97666667 0.97318436 0.99125    0.97450753
 0.97285559 0.97240618 0.90899899 0.90231621]
FPR [0.01111111 0.07666667 0.02333333 0.03222222 0.11888889 0.06555556
 0.00444444 0.02111111 0.00111111 0.00444444]
FNR [0.1  0.02 0.21 0.24 0.07 0.22 0.25 0.25 0.9  0.97]
FDR [0.1        0.41317365 0.21       0.27619048 0.535      0.43065693
 0.05063291 0.20212766 0.09090909 0.57142857]
ACC [0.98  0.929 0.958 0.947 0.886 0.919 0.971 0.956 0.909 0.899]
0.0005
600
/usr/local/lib/python3.7/site-packages/sklearn/model_selection/_search.py:841: DeprecationWarning: The default of the `iid` parameter will change from True to False in version 0.22 and will be removed in 0.24. This will change numeric results when test-set sizes are unequal.
  DeprecationWarning)
trained
0 0
score = 0.84
confusion matrix:
  [[90  0  0  1  0  5  3  0  1  0]
 [ 0 98  0  1  0  1  0  0  0  0]
 [ 0  2 92  1  1  0  0  0  4  0]
 [ 0  3  5 81  0  5  1  1  3  1]
 [ 1  3  0  0 93  1  0  0  0  2]
 [ 0  3  1  0  4 88  1  0  1  2]
 [ 3  3  5  0  2  5 82  0  0  0]
 [ 1  4  1  0  0  1  0 83  1  9]
 [ 1  8  1 15  1  4  0  0 67  3]
 [ 1  5  1  3 20  1  0  6  0 63]]
TPR [0.9  0.98 0.92 0.81 0.93 0.88 0.82 0.83 0.67 0.63]
TNR [0.99222222 0.96555556 0.98444444 0.97666667 0.96888889 0.97444444
 0.99444444 0.99222222 0.98888889 0.98111111]
PPV [0.92783505 0.75968992 0.86792453 0.79411765 0.76859504 0.79279279
 0.94252874 0.92222222 0.87012987 0.7875    ]
NPV [0.9889258  0.99770379 0.99105145 0.97884187 0.99203641 0.98650169
 0.98028478 0.98131868 0.96424702 0.95978261]
FPR [0.00777778 0.03444444 0.01555556 0.02333333 0.03111111 0.02555556
 0.00555556 0.00777778 0.01111111 0.01888889]
FNR [0.1  0.02 0.08 0.19 0.07 0.12 0.18 0.17 0.33 0.37]
FDR [0.07216495 0.24031008 0.13207547 0.20588235 0.23140496 0.20720721
 0.05747126 0.07777778 0.12987013 0.2125    ]
ACC [0.983 0.967 0.978 0.96  0.965 0.965 0.977 0.976 0.957 0.946]
0.0007
600
trained
0 0
score = 0.85
confusion matrix:
  [[90  0  0  1  0  4  4  0  1  0]
 [ 0 96  1  2  0  1  0  0  0  0]
 [ 0  2 92  1  1  0  0  0  4  0]
 [ 0  2  7 78  0  6  1  2  3  1]
 [ 0  4  1  0 91  1  1  0  0  2]
 [ 0  2  0  0  5 89  1  0  1  2]
 [ 3  2  6  0  2  5 82  0  0  0]
 [ 1  3  1  0  0  1  0 84  1  9]
 [ 1  5  0 14  0  4  0  0 72  4]
 [ 1  3  1  2 10  2  0  6  0 75]]
TPR [0.9  0.96 0.92 0.78 0.91 0.89 0.82 0.84 0.72 0.75]
TNR [0.99333333 0.97444444 0.98111111 0.97777778 0.98       0.97333333
 0.99222222 0.99111111 0.98888889 0.98      ]
PPV [0.9375     0.80672269 0.8440367  0.79591837 0.83486239 0.78761062
 0.92134831 0.91304348 0.87804878 0.80645161]
NPV [0.98893805 0.9954597  0.99102132 0.97560976 0.98989899 0.98759865
 0.98024149 0.98237885 0.96949891 0.9724366 ]
FPR [0.00666667 0.02555556 0.01888889 0.02222222 0.02       0.02666667
 0.00777778 0.00888889 0.01111111 0.02      ]
FNR [0.1  0.04 0.08 0.22 0.09 0.11 0.18 0.16 0.28 0.25]
FDR [0.0625     0.19327731 0.1559633  0.20408163 0.16513761 0.21238938
 0.07865169 0.08695652 0.12195122 0.19354839]
ACC [0.984 0.973 0.975 0.958 0.973 0.965 0.975 0.976 0.962 0.957]
0.002
600
/usr/local/lib/python3.7/site-packages/sklearn/model_selection/_search.py:841: DeprecationWarning: The default of the `iid` parameter will change from True to False in version 0.22 and will be removed in 0.24. This will change numeric results when test-set sizes are unequal.
  DeprecationWarning)
trained
0 0
score = 0.87
confusion matrix:
  [[93  0  0  1  0  1  4  0  1  0]
 [ 0 98  1  1  0  0  0  0  0  0]
 [ 1  1 93  1  0  0  0  1  3  0]
 [ 0  4  7 81  0  4  1  0  2  1]
 [ 0  4  1  0 91  1  1  0  0  2]
 [ 1  3  0  1  4 88  0  0  1  2]
 [ 2  1  8  0  2  5 82  0  0  0]
 [ 1  1  1  0  0  1  0 89  0  7]
 [ 1  6  2  4  0  3  0  0 81  3]
 [ 0  3  1  4  8  1  0  6  1 76]]
TPR [0.93 0.98 0.93 0.81 0.91 0.88 0.82 0.89 0.81 0.76]
TNR [0.99333333 0.97444444 0.97666667 0.98666667 0.98444444 0.98222222
 0.99333333 0.99222222 0.99111111 0.98333333]
PPV [0.93939394 0.80991736 0.81578947 0.87096774 0.86666667 0.84615385
 0.93181818 0.92708333 0.91011236 0.83516484]
NPV [0.99223085 0.99772469 0.99209932 0.97905182 0.98994413 0.98660714
 0.98026316 0.98783186 0.9791438  0.97359736]
FPR [0.00666667 0.02555556 0.02333333 0.01333333 0.01555556 0.01777778
 0.00666667 0.00777778 0.00888889 0.01666667]
FNR [0.07 0.02 0.07 0.19 0.09 0.12 0.18 0.11 0.19 0.24]
FDR [0.06060606 0.19008264 0.18421053 0.12903226 0.13333333 0.15384615
 0.06818182 0.07291667 0.08988764 0.16483516]
ACC [0.987 0.975 0.972 0.969 0.977 0.972 0.976 0.982 0.973 0.961]
0.005
600
/usr/local/lib/python3.7/site-packages/sklearn/model_selection/_search.py:841: DeprecationWarning: The default of the `iid` parameter will change from True to False in version 0.22 and will be removed in 0.24. This will change numeric results when test-set sizes are unequal.
  DeprecationWarning)
trained
0 0
score = 0.87
confusion matrix:
  [[92  0  0  1  0  0  4  0  3  0]
 [ 0 98  1  1  0  0  0  0  0  0]
 [ 1  0 92  2  0  0  0  1  4  0]
 [ 0  2  7 83  0  4  0  0  3  1]
 [ 0  4  0  0 88  3  0  0  0  5]
 [ 3  4  0  2  4 84  0  0  2  1]
 [ 2  0  7  0  3  5 83  0  0  0]
 [ 1  2  1  0  1  1  0 86  0  8]
 [ 0  5  2  2  0  3  1  0 85  2]
 [ 0  3  1  5  9  1  0  4  1 76]]
TPR [0.92 0.98 0.92 0.83 0.88 0.84 0.83 0.86 0.85 0.76]
TNR [0.99222222 0.97777778 0.97888889 0.98555556 0.98111111 0.98111111
 0.99444444 0.99444444 0.98555556 0.98111111]
PPV [0.92929293 0.83050847 0.82882883 0.86458333 0.83809524 0.83168317
 0.94318182 0.94505495 0.86734694 0.8172043 ]
NPV [0.99112098 0.99773243 0.99100112 0.98119469 0.98659218 0.98220245
 0.98135965 0.98459846 0.98337029 0.97353914]
FPR [0.00777778 0.02222222 0.02111111 0.01444444 0.01888889 0.01888889
 0.00555556 0.00555556 0.01444444 0.01888889]
FNR [0.08 0.02 0.08 0.17 0.12 0.16 0.17 0.14 0.15 0.24]
FDR [0.07070707 0.16949153 0.17117117 0.13541667 0.16190476 0.16831683
 0.05681818 0.05494505 0.13265306 0.1827957 ]
ACC [0.985 0.978 0.973 0.97  0.971 0.967 0.978 0.981 0.972 0.959]
0.007
600
trained
/usr/local/lib/python3.7/site-packages/sklearn/model_selection/_search.py:841: DeprecationWarning: The default of the `iid` parameter will change from True to False in version 0.22 and will be removed in 0.24. This will change numeric results when test-set sizes are unequal.
0 0
  DeprecationWarning)
score = 0.87
confusion matrix:
  [[92  0  1  0  0  0  4  0  3  0]
 [ 0 98  1  1  0  0  0  0  0  0]
 [ 1  0 92  2  0  0  0  1  4  0]
 [ 0  2  9 79  0  5  0  0  4  1]
 [ 0  4  0  0 89  3  0  0  1  3]
 [ 3  3  0  2  3 85  0  0  3  1]
 [ 2  0  8  0  2  5 83  0  0  0]
 [ 1  1  1  1  1  1  0 84  1  9]
 [ 1  5  1  4  0  3  1  0 84  1]
 [ 0  3  1  5  6  1  0  3  1 80]]
TPR [0.92 0.98 0.92 0.79 0.89 0.85 0.83 0.84 0.84 0.8 ]
TNR [0.99111111 0.98       0.97555556 0.98333333 0.98666667 0.98
 0.99444444 0.99555556 0.98111111 0.98333333]
PPV [0.92       0.84482759 0.80701754 0.84042553 0.88118812 0.82524272
 0.94318182 0.95454545 0.83168317 0.84210526]
NPV [0.99111111 0.99773756 0.99097065 0.97682119 0.98776418 0.98327759
 0.98135965 0.98245614 0.98220245 0.97790055]
FPR [0.00888889 0.02       0.02444444 0.01666667 0.01333333 0.02
 0.00555556 0.00444444 0.01888889 0.01666667]
FNR [0.08 0.02 0.08 0.21 0.11 0.15 0.17 0.16 0.16 0.2 ]
FDR [0.08       0.15517241 0.19298246 0.15957447 0.11881188 0.17475728
 0.05681818 0.04545455 0.16831683 0.15789474]
ACC [0.984 0.98  0.97  0.964 0.977 0.967 0.978 0.98  0.967 0.965]
